Date 年 月 日 台指 台指MA 電子指 電子指MA 金融指 金融指MA
2003/6/9 2003 6 9 4826.939941 4735.350000 207.050003 201.532001 701.799988 698.936011
2003/6/10 2003 6 10 4832.200195 4763.202051 208.110001 203.396002 702.619995 701.018005
2003/6/11 2003 6 11 4804.649902 4788.516016 205.539993 204.810001 710.280029 703.308008
2003/6/12 2003 6 12 4878.430176 4816.534082 208.229996 206.239999 712.000000 706.708008
2003/6/13 2003 6 13 4881.899902 4844.824023 208.539993 207.493997 712.419983 707.823999
2003/6/16 2003 6 16 4892.359863 4857.908008 207.660004 207.615997 731.409973 713.745996
2003/6/17 2003 6 17 4973.189941 4886.105957 211.589996 208.311996 724.260010 718.073999
2003/6/18 2003 6 18 4999.069824 4924.989941 213.970001 209.997998 725.000000 721.017993
2003/6/19 2003 6 19 5048.910156 4959.085938 218.020004 211.956000 734.140015 725.445996
2003/6/20 2003 6 20 5002.580078 4983.221973 215.610001 213.370001 725.359985 728.033997
2003/6/23 2003 6 23 4921.720215 4989.094043 211.119995 214.062000 715.349976 724.821997
2003/6/24 2003 6 24 4909.310059 4976.318066 210.949997 213.934000 719.080017 723.785999
2003/6/25 2003 6 25 4933.790039 4963.262109 211.729996 213.485999 714.440002 721.673999
2003/6/26 2003 6 26 4894.009766 4932.282031 210.190002 211.919998 708.900024 716.626001
2003/6/27 2003 6 27 4877.899902 4907.345996 209.550003 210.707999 707.229980 713.000000
2003/6/30 2003 6 30 4872.149902 4897.431934 208.649994 210.213998 724.809998 714.892004
2003/7/1 2003 7 1 5017.779785 4919.125879 216.259995 211.275998 733.650024 717.806006
2003/7/2 2003 7 2 5095.240234 4951.415918 221.220001 213.173999 744.309998 723.780005
2003/7/3 2003 7 3 5095.310059 4991.675977 221.100006 215.356000 737.869995 729.573999
2003/7/4 2003 7 4 5151.850098 5046.466016 226.029999 218.651999 769.070007 741.942004
2003/7/7 2003 7 7 5322.259766 5136.487988 235.270004 223.976001 760.780029 749.136011
2003/7/8 2003 7 8 5367.970215 5206.526074 239.059998 228.536002 765.450012 755.496008
2003/7/9 2003 7 9 5358.910156 5259.260059 237.039993 231.700000 758.630005 758.360010
2003/7/10 2003 7 10 5282.379883 5296.674023 231.350006 233.750000 725.280029 755.842017
2003/7/11 2003 7 11 5239.959961 5314.295996 233.350006 235.214001 739.869995 750.002014
2003/7/14 2003 7 14 5349.939941 5319.832031 239.080002 235.976001 734.719971 744.790002
2003/7/15 2003 7 15 5335.859863 5313.409961 237.520004 235.668002 734.919983 738.683997
2003/7/16 2003 7 16 5413.870117 5324.401953 241.020004 236.464005 719.729980 730.903992
2003/7/17 2003 7 17 5299.509766 5327.827930 234.169998 237.028003 720.039978 729.855981
2003/7/18 2003 7 18 5287.379883 5337.311914 234.050003 237.168002 709.500000 723.781982
2003/7/21 2003 7 21 5219.299805 5311.183887 229.820007 235.316003 709.760010 718.789990
2003/7/22 2003 7 22 5261.009766 5296.213867 233.020004 234.416003 706.369995 713.079993
2003/7/23 2003 7 23 5287.890137 5271.017871 235.139999 233.240002 716.489990 712.431995
2003/7/24 2003 7 24 5402.750000 5291.665918 242.529999 234.912003 714.900024 711.404004
2003/7/25 2003 7 25 5394.750000 5313.139941 242.279999 236.558002 718.479980 713.200000
2003/7/28 2003 7 28 5451.799805 5359.639941 243.130005 239.220001 699.150024 711.078003
2003/7/29 2003 7 29 5342.459961 5375.929980 239.199997 240.456000 697.130005 709.230005
2003/7/30 2003 7 30 5307.180176 5379.787988 236.529999 240.734000 691.739990 704.280005
2003/7/31 2003 7 31 5318.339844 5362.905957 237.720001 239.772000 692.140015 699.728003
2003/8/1 2003 8 1 5390.509766 5362.057910 242.860001 239.888000 691.549988 694.342004
2003/8/4 2003 8 4 5377.189941 5347.135938 241.789993 239.619998 681.650024 690.842004
2003/8/5 2003 8 5 5259.450195 5330.533984 235.029999 238.785999 678.880005 687.192004
2003/8/6 2003 8 6 5225.830078 5314.263965 233.270004 238.134000 680.169983 684.878003
2003/8/7 2003 8 7 5259.069824 5302.409961 235.320007 237.654001 677.390015 681.928003
2003/8/8 2003 8 8 5232.549805 5270.817969 233.350006 235.752002 672.150024 678.048010
2003/8/11 2003 8 11 5214.600098 5238.300000 232.779999 233.950003 675.469971 676.812000
2003/8/12 2003 8 12 5255.240234 5237.458008 235.110001 233.966003 695.130005 680.062000
2003/8/13 2003 8 13 5442.270020 5280.745996 244.470001 236.206003 700.710022 684.170007
2003/8/14 2003 8 14 5436.750000 5316.282031 243.270004 237.796002 700.219971 688.735999
2003/8/15 2003 8 15 5488.740234 5367.520117 246.009995 240.328000 717.340027 697.773999
2003/8/18 2003 8 18 5516.799805 5427.960059 245.389999 242.850000 712.460022 705.172009
2003/8/19 2003 8 19 5512.160156 5479.344043 246.360001 245.100000 717.429993 709.632007
2003/8/20 2003 8 20 5543.609863 5499.612012 248.600006 245.926001 717.859985 713.062000
2003/8/21 2003 8 21 5611.859863 5534.633984 252.830002 247.838000 738.359985 720.690002
2003/8/22 2003 8 22 5646.620117 5566.209961 252.899994 249.216000 746.950012 726.612000
2003/8/25 2003 8 25 5686.850098 5600.220020 254.169998 250.972000 737.840027 731.688000
2003/8/26 2003 8 26 5558.250000 5609.437988 246.429993 250.985999 750.840027 738.370007
2003/8/27 2003 8 27 5553.430176 5611.402051 246.080002 250.481998 745.109985 743.820007
2003/8/28 2003 8 28 5523.120117 5593.654102 246.050003 249.125998 751.260010 746.400012
2003/8/29 2003 8 29 5650.830078 5594.496094 253.919998 249.329999 768.950012 750.800012
2003/9/1 2003 9 1 5691.790039 5595.484082 253.330002 249.162000 776.859985 758.604004
2003/9/2 2003 9 2 5715.950195 5627.024121 254.429993 250.762000 767.500000 761.935999
2003/9/3 2003 9 3 5673.180176 5650.974121 252.130005 251.972000 765.869995 766.088000
2003/9/4 2003 9 4 5625.629883 5671.476074 249.809998 252.723999 760.190002 767.873999
2003/9/5 2003 9 5 5639.029785 5669.116016 251.669998 252.273999 765.309998 767.145996
2003/9/8 2003 9 8 5727.009766 5676.159961 258.119995 253.231998 750.690002 761.912000
2003/9/9 2003 9 9 5680.689941 5669.107910 257.709991 253.887997 732.169983 754.845996
2003/9/10 2003 9 10 5623.430176 5659.157910 257.309998 254.923996 738.109985 749.293994
2003/9/12 2003 9 12 5645.279785 5663.087891 257.200012 256.401999 737.590027 744.773999
2003/9/15 2003 9 15 5623.220215 5659.925977 255.660004 257.200000 754.380005 742.588000
2003/9/16 2003 9 16 5699.259766 5654.375977 259.000000 257.376001 752.849976 743.019995
2003/9/17 2003 9 17 5747.140137 5667.666016 262.549988 258.344000 751.429993 746.871997
2003/9/18 2003 9 18 5750.810059 5693.141992 263.149994 259.512000 760.840027 751.418005
2003/9/19 2003 9 19 5757.910156 5715.668066 262.390015 260.550000 768.320007 757.564001
2003/9/22 2003 9 22 5675.750000 5726.174023 255.979996 260.613998 768.559998 760.400000
2003/9/23 2003 9 23 5684.009766 5723.124023 256.570007 260.128000 783.590027 766.548010
2003/9/24 2003 9 24 5722.359863 5718.167969 256.950012 259.008005 790.099976 774.282007
2003/9/25 2003 9 25 5688.229980 5705.651953 253.820007 257.142007 780.510010 778.216003
2003/9/26 2003 9 26 5650.109863 5684.091895 251.970001 255.058005 780.650024 780.682007
2003/9/29 2003 9 29 5643.500000 5677.641895 251.479996 254.158005 767.669983 780.504004
2003/9/30 2003 9 30 5611.410156 5663.121973 250.979996 253.040002 765.940002 776.973999
2003/10/1 2003 10 1 5581.660156 5634.982031 249.669998 251.584000 784.900024 775.934009
2003/10/2 2003 10 2 5699.859863 5637.308008 255.839996 251.987997 792.080017 778.248010
2003/10/3 2003 10 3 5747.790039 5656.844043 257.559998 253.105997 824.479980 787.014001
2003/10/6 2003 10 6 5851.200195 5698.384082 259.700012 254.750000 833.559998 800.192004
2003/10/7 2003 10 7 5856.680176 5747.438086 258.690002 256.292001 830.809998 813.166003
2003/10/8 2003 10 8 5821.799805 5795.466016 255.880005 257.534003 837.679993 823.721997
2003/10/9 2003 10 9 5869.879883 5829.470020 257.559998 257.878003 846.090027 834.523999
2003/10/13 2003 10 13 5972.470215 5874.406055 259.329987 258.232001 867.679993 843.164001
2003/10/14 2003 10 14 5938.419922 5891.850000 256.859985 257.663995 862.479980 848.947998
2003/10/15 2003 10 15 5924.379883 5905.389941 258.089996 257.543994 846.090027 852.004004
2003/10/16 2003 10 16 6035.740234 5948.178027 263.309998 259.029993 866.760010 857.820007
2003/10/17 2003 10 17 6042.709961 5982.744043 262.859985 260.089990 883.840027 865.370007
2003/10/20 2003 10 20 6077.890137 6003.828027 263.000000 260.823993 900.380005 871.910010
2003/10/21 2003 10 21 6061.459961 6028.436035 261.209991 261.693994 904.450012 880.304016
2003/10/22 2003 10 22 6041.859863 6051.932031 261.250000 262.325995 895.229980 890.132007
2003/10/23 2003 10 23 5952.229980 6035.229980 257.040009 261.071997 881.750000 893.130005
